x=[
[0,0,0,0,0,0,0,0,1,0,0,0,0,0,0,0,0,0,0,0,0,0,0,0,0,0,0,0]
[0,0,0,0,0,0,0,0,0,0,0,0,0,0,0,0,0,0,0,0,0,0,0,0,0,1,0,0]
[1,0,0,0,0,0,0,0,0,0,0,0,0,0,0,0,0,0,0,0,0,0,0,0,0,0,0,0]
[0,0,0,0,0,0,0,0,0,0,0,0,0,0,1,0,0,0,0,0,0,0,0,0,0,0,0,0]
[0,0,0,0,0,0,0,1,0,0,0,0,0,0,0,0,0,0,0,0,0,0,0,0,0,0,0,0]
[0,0,0,0,0,0,0,0,0,0,0,0,0,0,0,1,0,0,0,0,0,0,0,0,0,0,0,0]
[0,0,0,0,0,0,0,0,0,0,0,0,0,0,0,0,0,0,0,1,0,0,0,0,0,0,0,0]
[1,0,0,0,0,0,0,0,0,0,0,0,0,0,0,0,0,0,0,0,0,0,0,0,0,0,0,0]
[0,0,0,0,0,0,0,0,0,0,0,0,0,0,0,1,0,0,0,0,0,0,0,0,0,0,0,0]
[0,0,0,0,0,0,0,0,0,0,0,0,0,0,0,1,0,0,0,0,0,0,0,0,0,0,0,0]
[0,0,0,0,0,0,0,0,0,0,0,0,0,0,0,0,0,0,0,0,0,0,0,0,1,0,0,0]
[0,0,0,0,0,1,0,0,0,0,0,0,0,0,0,0,0,0,0,0,0,0,0,0,0,0,0,0]
[0,0,0,0,0,0,0,0,0,0,0,0,0,0,0,0,0,1,0,0,0,0,0,0,0,0,0,0]
[0,0,0,0,0,0,0,0,0,0,0,0,0,0,0,0,1,0,0,0,0,0,0,0,0,0,0,0]
[0,0,0,0,0,0,1,0,0,0,0,0,0,0,0,0,0,0,0,0,0,0,0,0,0,0,0,0]
[0,0,0,0,0,0,0,0,0,0,0,0,0,0,0,0,0,0,0,1,0,0,0,0,0,0,0,0]
[0,0,0,0,0,0,0,0,0,0,0,0,0,0,1,0,0,0,0,0,0,0,0,0,0,0,0,0]
[0,0,0,0,0,0,0,0,1,0,0,0,0,0,0,0,0,0,0,0,0,0,0,0,0,0,0,0]
[0,0,0,0,0,0,1,0,0,0,0,0,0,0,0,0,0,0,0,0,0,0,0,0,0,0,0,0]
[0,0,0,0,0,0,0,0,0,0,0,0,0,0,0,0,0,0,0,1,0,0,0,0,0,0,0,0]
[0,0,0,0,0,0,0,0,0,0,0,0,0,0,0,0,0,0,0,0,0,0,1,0,0,0,0,0]
[0,0,0,0,0,0,0,0,0,0,0,0,0,0,0,0,0,0,0,0,0,1,0,0,0,0,0,0]
[0,0,0,0,0,0,0,0,0,0,0,0,0,0,0,0,0,0,0,1,0,0,0,0,0,0,0,0]
[0,0,0,0,0,0,0,0,0,0,0,0,0,0,0,0,0,1,0,0,0,0,0,0,0,0,0,0]
[0,0,0,0,0,1,0,0,0,0,0,0,0,0,0,0,0,0,0,0,0,0,0,0,0,0,0,0]
[0,0,0,0,0,0,0,1,0,0,0,0,0,0,0,0,0,0,0,0,0,0,0,0,0,0,0,0]
[0,0,0,0,0,0,0,1,0,0,0,0,0,0,0,0,0,0,0,0,0,0,0,0,0,0,0,0]
[0,0,0,0,0,0,0,0,0,0,0,0,0,0,0,0,0,0,0,0,0,0,0,0,0,1,0,0]
[0,0,0,0,0,0,0,0,0,0,0,0,0,0,0,0,0,0,0,0,0,0,0,0,0,1,0,0]
[0,0,0,0,0,0,0,0,0,0,0,0,0,1,0,0,0,0,0,0,0,0,0,0,0,0,0,0]
[0,0,0,0,0,0,0,0,0,0,0,0,0,1,0,0,0,0,0,0,0,0,0,0,0,0,0,0]
[0,0,0,0,0,0,0,0,0,0,0,1,0,0,0,0,0,0,0,0,0,0,0,0,0,0,0,0]
[0,0,0,0,1,0,0,0,0,0,0,0,0,0,0,0,0,0,0,0,0,0,0,0,0,0,0,0]
[0,0,0,0,0,0,0,0,0,0,0,0,0,0,0,0,0,0,0,0,0,0,0,0,0,0,1,0]
[0,0,0,0,0,0,0,0,0,0,1,0,0,0,0,0,0,0,0,0,0,0,0,0,0,0,0,0]
[0,0,0,0,0,0,0,0,0,0,1,0,0,0,0,0,0,0,0,0,0,0,0,0,0,0,0,0]
[1,0,0,0,0,0,0,0,0,0,0,0,0,0,0,0,0,0,0,0,0,0,0,0,0,0,0,0]
[0,0,0,0,1,0,0,0,0,0,0,0,0,0,0,0,0,0,0,0,0,0,0,0,0,0,0,0]
[0,0,0,0,0,0,0,0,0,0,0,0,0,0,0,0,0,0,1,0,0,0,0,0,0,0,0,0]
[0,0,0,0,0,0,0,0,0,0,0,0,0,0,0,0,0,1,0,0,0,0,0,0,0,0,0,0]
[0,0,0,0,0,0,0,0,0,0,1,0,0,0,0,0,0,0,0,0,0,0,0,0,0,0,0,0]
[0,0,0,0,0,0,0,0,0,0,0,0,0,0,0,0,0,1,0,0,0,0,0,0,0,0,0,0]
[0,0,0,0,0,0,0,0,0,0,0,0,0,0,0,0,0,0,0,0,0,0,0,1,0,0,0,0]
[0,0,0,0,0,0,0,0,0,0,0,0,0,0,0,0,0,0,0,0,0,0,0,1,0,0,0,0]
];

routes={
<1,32,[3,5,1]>,
<32,35,[1]>,
<35,36,[1]>,
<1,41,[3,5,1]>,
<2,32,[3,5,1]>,
<32,34,[1]>,
<34,36,[1]>,
<2,39,[3,5,1]>,
<3,32,[3,5,1]>,
<32,33,[1]>,
<33,36,[1]>,
<3,38,[3,5,1]>,
<4,32,[2,5,1]>,
<32,34,[1]>,
<34,36,[1]>,
<4,39,[2,5,1]>,
<5,32,[2,5,1]>,
<32,33,[1]>,
<33,36,[1]>,
<5,38,[2,5,1]>,
<6,32,[3,5,1]>,
<32,35,[1]>,
<35,36,[1]>,
<6,42,[3]>,
<7,32,[3,5,1]>,
<32,35,[1]>,
<35,36,[1]>,
<7,41,[3,5,1]>,
<8,32,[3,5,1]>,
<32,34,[1]>,
<34,36,[1]>,
<8,40,[3]>,
<9,32,[3,5,1]>,
<32,35,[1]>,
<35,36,[1]>,
<9,41,[3,5,1]>,
<10,32,[3,5,1]>,
<32,33,[1]>,
<33,36,[1]>,
<10,38,[3,5,1]>,
<11,32,[3,5,1]>,
<32,33,[1]>,
<33,36,[1]>,
<11,38,[3,5,1]>,
<12,32,[3,5,1]>,
<32,33,[1]>,
<33,36,[1]>,
<12,38,[3,5,1]>,
<13,32,[3,5,1]>,
<32,33,[1]>,
<33,36,[1]>,
<13,37,[3]>,
<14,32,[2,5,1]>,
<32,34,[1]>,
<34,36,[1]>,
<14,40,[2,5,3]>,
<15,32,[3,5,1]>,
<32,34,[1]>,
<34,36,[1]>,
<15,40,[3]>,
<16,32,[3,5,1]>,
<32,35,[1]>,
<35,36,[1]>,
<16,41,[3,5,1]>,
<17,32,[2,5,1]>,
<32,34,[1]>,
<34,36,[1]>,
<17,40,[2,5,3]>,
<18,32,[3,5,1]>,
<32,35,[1]>,
<35,36,[1]>,
<18,42,[3]>,
<19,32,[3,5,1]>,
<32,33,[1]>,
<33,36,[1]>,
<19,37,[3]>,
<20,32,[3,6,1]>,
<32,35,[1]>,
<35,36,[1]>,
<20,42,[3]>,
<21,32,[2,5,1]>,
<32,33,[1]>,
<33,36,[1]>,
<21,37,[2,5,3]>,
<22,32,[2,5,1]>,
<32,34,[1]>,
<34,36,[1]>,
<22,40,[2,5,3]>,
<23,32,[3,6,1]>,
<32,34,[1]>,
<34,36,[1]>,
<23,39,[3,6,1]>,
<24,32,[3,6,1]>,
<32,34,[1]>,
<34,36,[1]>,
<24,40,[3]>,
<25,32,[3,6,1]>,
<32,35,[1]>,
<35,36,[1]>,
<25,41,[3,6,1]>,
<26,32,[2,5,1]>,
<32,35,[1]>,
<35,36,[1]>,
<26,42,[2,5,3]>,
<27,32,[2,5,1]>,
<32,33,[1]>,
<33,36,[1]>,
<27,38,[2,5,1]>,
<28,32,[3,6,1]>,
<32,33,[1]>,
<33,36,[1]>,
<28,37,[3]>,
<29,32,[3,6,1]>,
<32,33,[1]>,
<33,36,[1]>,
<29,38,[3,6,1]>,
<30,32,[2,5,1]>,
<32,33,[1]>,
<33,36,[1]>,
<30,37,[2,5,3]>,
<31,32,[2,5,1]>,
<32,34,[1]>,
<34,36,[1]>,
<31,40,[2,5,3]>
};